658351
578820
592411
640457
239349
361934
539344
458407
568027
232442
531015
262264
61937
684250
210424
447164
704126
108607
155266
215696
55625
109695
539014
370308
475395
510105
465955
366219
406356
618351
612361
128523
562304
160049
763964
522773
449206
183771
509031
564398
589557
286420
98266
765004
203675
545719
368674
516700
351116
770351
115012
659200
696059
485884
354966
675031
421080
122130
715321
546804
200406
721376
379702
403696
240920
727982
19508
423450
231543
505887
611283
351181
322674
745686
471465
479195
557491
743221
22487
80933
520506
472641
706375
780876
700200
621729
436100
700546
735274
373701
266037
326010
203136
397860
352311
536190
116649
12189
18518
256414
765613
742399
556712
633094
448007
36260
45191
338793
758060
729656
315433
539034
176828
566424
782814
567097
560964
243157
15333
623498
463022
780119
3306
37985
156486
751134
483360
104250
167017
253732
61687
797797
579020
283103
769914
53854
25190
2530
518729
568634
771579
337827
89902
595518
276551
621399
247389
498314
620227
487418
341324
514291
320534
268907
779821
789486
459547
220339
684805
733351
356491
724582
415850
42033
204871
469538
281565
666585
377925
670516
506817
183699
585492
158555
749048
45974
219661
314788
435481
140291
580888
201076
650831
637376
48664
370084
220113
412004
510964
650694
174585
136267
623427
752006
48132
12744
689555
115756
521829
473466
776790
584254
500422
491191
777066
7747
513692
376102
508996
543138
322917
657257
242360
697000
215169
600311
129383
603304
633258
69383
168389
396604
456978
92072
3525
640682
372760
715502
551460
722531
749990
521542
701263
711845
657705
526571
357362
264511
70702
17777
769823
488308
410774
494463
721430
297721
355446
380826
392631
116249
539277
368412
517761
24569
798050
331075
420934
765173
178170
414565
190317
334376
265267
478273
532195
69899
243136
441457
446880
679989
554690
738557
471506
692032
166399
299017
547496
356044
633793
20910
251580
603549
118349
299749
298013
467168
556287
395167
786936
262027
464895
520691
645603
391905
21154
661359
459975
335893
13151
127375
688231
588038
150123
302668
762257
797225
639220
159179
708575
211077
562423
660534
446506
742359
157375
423336
617357
460501
204539
487746
464401
706704
361850
780891
591098
659698
206469
366548
121261
629863
519129
89481
145212
375961
263231
447203
126096
199763
603850
481930
338994
370567
135853
209464
431542
759403
286646
287913
604868
112573
639851
495278
523460
175655
291775
83041
42021
284095
407921
613235
167755
665765
236802
756129
386067
102351
197969
300869
112644
101602
306900
658185
274195
795958
535669
707766
55570
449276
597511
196906
342967
758908
72035
369512
762949
474998
244003
78794
334809
90026
95994
475473
279891
6772
631215
242205
587743
691343
114356
216056
60191
605178
261223
413452
730871
31991
538340
55221
318708
771376
280965
102769
415066
498165
763639
128500
72136
187040
81914
435801
84874
760602
404917
594290
298107
504694
750003
24384
424341
361403
512894
723326
575255
111039
7382
546136
454225
304430
62862
98617
37391
599978
83716
520642
64928
313100
32315
469206
92802
3529
172183
777426
217003
423025
119604
42714
380790
581712
715746
677710
191017
110391
713921
153948
136223
389461
75382
387760
106902
44094
374279
171590
305175
536590
701529
599391
611454
424359
420931
598929
272549
305685
150606
33529
173745
480787
774923
524941
228856
55975
681233
753036
683150
718824
314002
650262
39019
588000
95385
614360
775994
248204
721379
308703
243904
457216
786263
197518
485863
495015
515618
678315
581991
500136
511603
129683
229136
786789
776400
706190
71606
547869
218388
632125
339897
343985
73734
458544
248623
498564
392342
96148
168881
100731
168630
391945
266943
689188
795858
716434
142545
649714
313326
166822
241403
201638
195931
120163
631355
764618
669718
15074
770146
662872
784573
694693
579485
148599
444207
362541
210848
40293
580542
418473
414574
211824
611347
709832
632774
741150
86943
185775
10541
613740
786362
445190
496789
4403
71258
259373
785319
168871
711537
707469
263858
769530
440802
157449
246063
120350
761378
632210
300784
387495
638312
4570
135653
352718
483216
463392
361611
709778
184978
393514
216818
364792
498329
474961
52585
100212
163779
694
144072
477280
607348
719250
334425
488617
163671
28843
517475
140425
595442
294883
151637
47982
422885
193259
605580
605946
97983
33812
656833
108836
366205
449862
317458
606587
147872
502281
386475
368779
695274
384705
558353
38232
401588
82423
680203
228359
190959
233938
757293
246684
117173
288932
434690
433630
225163
787616
765909
29271
367158
215210
93212
640376
711478
126791
51586
187865
367588
762291
440976
431261
587555
202002
87799
301044
567494
762814
624508
747194
397438
440511
493184
727612
786558
474456
152363
548635
484781
438462
525109
487754
686471
641764
789840
788274
461201
235121
52277
157684
432503
198867
11594
92366
310723
414573
531949
717975
463676
708332
185184
726116
486105
269751
674129
509005
309344
759173
684292
471882
196000
484360
117279
28470
161863
779975
568082
237558
205665
726281
561953
584371
419950
148461
177167
363842
627742
519063
226664
394405
710571
489861
676204
674219
107731
524543
86675
40626
614001
81325
495553
538765
102839
775490
128008
557952
455178
631638
43284
632424
460154
246098
24887
163576
17373
788357
12306
258334
548231
513875
225756
563588
115367
50828
772434
21810
214081
471515
184635
308304
212931
489557
30615
777
607047
88625
110948
80524
224100
569239
36108
210988
126385
715153
665966
618919
497880
171038
225671
564612
567890
15717
548029
5781
465860
514823
55496
750492
208630
606093
408637
695050
20588
614400
571320
133603
28835
140440
38822
272061
606953
31116
33965
444134
553177
44808
528312
626341
739954
117309
578466
760473
295124
223378
209534
12095
374678
720120
139137
625295
410822
53083
188301
502213
653950
222260
95066
292157
380447
228411
447043
163703
207405
301882
470187
434747
36295
461565
599050
749270
51393
397414
279704
274306
665184
165533
302996
590819
374193
361316
526641
731054
499590
635784
183326
68708
55310
124531
231600
428604
794384
117215
277167
360991
91332
297893
657082
455629
266574
268979
226647
711965
353752
338204
394395
266081
541514
566858
433522
51176
596393
643406
564108
494493
710665
496984
39909
233932
764720
369218
387310
790021
195273
701766
562013
158489
145217
590800
616590
578625
482626
650607
760980
403806
669130
485605
479457
440668
537319
92509
681357
433327
285201
655548
74822
43263
256548
402960
237013
315104
583928
573221
698953
231866
528287
421430
726978
753352
50490
770753
732123
595260
422776
608627
299445
450687
436652
107587
199837
766101
9866
731035
302681
10143
679295
544688
540436
268922
485802
654066
447971
362885
453498
35231
24051
692865
31205
61555
653138
656273
703041
94842
32598
526688
65219
645381
372141
168289
396691
170683
335875
704050
787592
370119
44874
406298
541829
306991
214185
757681
232303
721733
340995
564127
572362
91190
593442
402044
44783
491711
236416
168663
81388
377088
581298
308818
167416
747881
504177
653546
537489
273360
741959
14421
273716
779941
65235
454532
711608
760893
311736
43336
136520
765002
95016
304657
748795
781164
784136
396241
85010
325856
759489
588030
39885
629078
227747
634039
342762
664289
462325
770558
227771
769288
125341
737572
599011
287481
794984
334658
268461
392669
719607
127971
291336
69703
772679
30143
557347
377030
1499
722594
286369
250009
327048
348780
656249
676738
700893
517169
336493
548787
29741
572800
393509
214757
696378
685249
598248
542088
126847
267960
585462
245269
330266
292134
772484
50815
408660
468878
447316
239815
452814
533269
56049
173743
662859
523906
34948
244102
661524
403558
24406
290
450572
558165
731619
355052
187984
58194
170391
706581
362378
461641
13608
497895
211155
103605
82831
97590
435010
601698
104356
283125
360982
614221
535637
649188
21115
243879
195714
794983
583420
430328
625272
669555
617094
542048
335113
420513
593685
321529
415301
735845
50174
255833
351447
158040
251351
101172
277501
592561
258310
557342
498213
304594
302309
540781
153633
779262
92303
778301
272647
27177
491850
768141
68776
241896
294033
610438
402347
590472
580540
75996
517701
670266
151118
738893
798102
7787
242139
760647
119203
395314
108436
775078
601836
337891
569969
383643
385450
109761
107001
567464
678311
273616
345265
679623
646329
722887
536351
527531
677852
621604
315001
117790
756715
245594
308975
34441
258555
429862
216978
401298
616276
547327
635359
27360
509197
654508
643308
576250
8003
414447
650542
516685
229366
188767
496357
741964
366464
332371
358692
372402
326322
625914
128
512483
66444
401288
335445
601968
681369
138891
476336
690873
656357
608860
195804
371373
795548
706224
82828
528813
441665
525646
326562
756879
55431
211163
774298
455359
258511
36049
351126
379263
436287
627598
193030
741198
420219
639881
629491
794727
115971
192415
173801
174688
324649
235148
706175
480755
123565
531829
498308
174810
670455
759713
378568
518867
265712
423752
599172
644547
748157
499844
793703
792311
607897
306020
146237
791685
631309
168480
480318
649425
67791
623462
750577
72492
514037
97234
683451
524438
291924
304509
142600
162212
616889
24493
247829
55677
453571
292266
582999
649982
715867
183728
702859
771325
239570
666624
584027
441771
511893
156689
53674
114963
558479
418276
265852
62911
23580
64117
52357
487289
366245
227149
211277
358959
80604
332340
187388
645872
238741
321540
464839
210195
208960
374681
692983
613750
378623
479717
117139
651236
48488
176672
545450
778384
65752
50204
626495
452030
97906
242102
242385
408961
732339
735593
51589
406943
276915
533500
310514
630416
214779
484188
30601
752037
287485
340868
500639
162118
721716
581784
376089
47956
186585
377874
404147
699053
717375
726035
345325
82381
469452
126427
414610
362642
464532
82516
644582
219160
59283
36808
215403
243138
68743
436404
83280
353882
640104
94132
11383
273232
713861
311965
731937
773407
646204
425641
331321
405453
117590
21197
380473
240529
78077
711975
665789
2958
354650
229267
429218
612798
574415
165213
775130
794858
538830
557072
434384
582101
399188
371821
396402
727417
779014
211064
470240
651369
764902
741804
140207
116565
325810
743758
688858
406956
624345
330718
74821
719196
601371
467370
432367
249013
317628
786046
103861
265579
376932
439414
607421
55226
362390
445172
235397
348580
551115
186540
436104
105302
520746
741852
341386
693161
551399
136345
260737
651715
269365
131909
512032
441310
727529
584477
475392
526881
788141
539631
124781
435882
632797
656872
217291
761261
544257
710539
316580
611510
283879
92862
546895
227850
350045
225023
699197
613675
266120
125108
50147
541563
699108
656287
258112
418552
710617
639856
352010
667686
508150
393588
143225
440842
794060
796012
127151
200786
450666
394616
790210
231058
213872
10546
412520
682665
446930
160984
2622
396354
585515
641185
637365
409206
618939
387632
200345
418191
86527
735270
184639
135144
231148
395474
90699
779504
262343
400132
728347
537933
334243
456959
497364
234781
651384
438668
470535
445783
152029
462123
6911
645968
16995
469093
569001
64858
81805
678205
740384
478599
455791
180932
617429
380555
492002
85708
657752
350655
688993
594356
350661
791618
190851
239202
419533
584762
206357
789840
730720
757304
379603
352445
320500
346809
789443
185859
33909
357321
693807
4360
261065
449731
391997
169422
485886
323891
331820
188710
195859
24028
308525
672386
162912
100053
384220
264423
88994
3022
494937
511233
499879
614512
329991
754768
713618
547555
357089
161665
780236
191849
755316
428760
457608
487975
618109
732104
410608
192516
364575
735397
93681
554154
302784
113776
69280
643754
62594
128466
599879
175036
311897
777252
799761
228131
156878
343723
306765
241455
95567
549345
168290
11996
577584
192750
224080
603800
574274
534326
514782
179490
567566
311051
187750
731534
144559
130179
426809
558181
738121
679781
216496
175081
334634
757309
383440
532598
239995
715151
646297
322051
23202
437288
482795
709320
669496
348047
273430
618490
198818
36763
633084
26802
115534
767262
480229
43755
70028
627647
613343
672170
356358
105702
145872
353336
311262
622544
124698
128651
325218
319426
343529
17859
234606
722010
279068
611536
783455
202240
494541
700720
584367
113788
527999
526294
636722
746658
658403
53798
450796
675880
398407
334109
346765
605336
660380
212110
743818
160352
176930
461703
688344
682247
284594
369874
104775
646010
290471
647575
64122
170885
195690
65055
581759
168797
379289
214707
28943
482393
423124
92067
425571
480961
360740
198498
428720
89023
133639
660175
641089
411506
784924
483470
584497
720162
352871
318869
74689
738957
453442
209347
223580
592480
764897
635818
46372
143041
401024
517229
766776
516105
433451
80069
166021
799631
381737
267550
616774
246176
324614
670686
282905
115082
666172
400325
735679
92631
89470
221039
458352
405912
424608
106743
117465
983
634918
101814
763059
217646
11623
354345
434177
570485
9309
67824
518630
402326
698124
93171
763168
105086
429709
586399
570405
492332
48823
635726
754904
350699
284520
191685
329448
369820
15477
452054
133062
793901
716076
256550
282688
794662
233346
462601
646335
674914
352222
655753
62489
214234
746880
764806
332308
230301
742800
61175
187768
322012
224447
381263
92112
387617
70044
538874
629437
328352
173941
553990
378358
474278
148199
111071
702687
273198
226565
276787
182469
278419
342305
108276
95924
137823
205882
75899
432630
593729
523522
299722
549928
154653
710282
161770
498426
704318
78220
145267
489858
279463
144981
10282
530238
739207
222285
575940
759204
617162
122660
729801
624232
415692
282267
39316
20810
204328
590316
29047
560280
799663
237015
264443
561735
585588
126283
505412
397738
791300
686765
241811
408781
646836
29127
57062
654705
491282
170320
599482
514211
703613
238868
28401
205051
245969
770496
124110
88430
472122
295756
632348
618449
718122
765445
431471
14059
765029
179766
525954
558389
627257
576882
791231
241456
190412
422017
567774
798819
631182
375781
24229
452336
146381
9991
430285
681426
157542
255747
328197
12213
403097
698893
434447
281202
737526
482174
99337
405798
668788
615807
530118
690414
326817
261968
16219
794176
382195
200758
741558
289257
154940
550399
117864
474527
449340
320307
229763
531522
16208
266201
315550
738228
338761
752098
638197
149329
360280
606519
544941
388365
638757
293466
435254
273705
654078
379835
290250
385170
469036
424090
343058
755414
599650
633491
604135
217795
685903
497611
512053
608414
524626
309429
773884
68093
417869
286594
265584
119874
366739
108579
81217
585140
633083
93180
561141
529979
419862
722982
249200
172216
164221
212065
64406
88063
244803
141205
535559
20850
573577
794883
83465
40763
780337
526605
602756
625189
197547
711326
319526
143895
689387
210999
380326
633391
615291
648087
501286
43895
628396
614150
538546
498247
480744
259647
169446
108087
43811
318200
517036
299454
9328
50447
319265
333420
442800
548435
716953
218560
312165
383979
364217
183463
437156
222567
414915
1170
732969
459361
499183
407858
89476
587215
763124
789203
738674
526057
296614
421714
445767
193969
153017
69564
400006
617507
122019
151941
346259
345595
98208
19298
653951
279582
51407
207811
415491
205222
348538
626672
671880
784525
205939
301503
463715
613365
370585
331504
499742
241681
176762
232997
580081
605108
561938
25473
184400
239476
644786
190683
259998
458874
760316
552863
358655
614889
730635
552257
363851
318185
193199
583519
348702
509775
408277
111219
526092
148971
490246
791089
745202
10861
324102
95619
98663
573172
383388
555039
637778
511029
277618
70081
490645
223812
780818
667402
429287
235778
725520
69109
34240
282916
416071
99314
142701
195291
770619
68001
640579
146981
236446
608300
24304
195760
311278
138305
595437
48486
517947
389803
115216
219546
715270
125068
784701
378829
478789
652601
346684
95004
475780
474034
274599
739658
98853
636604
139002
620902
234952
74397
707789
620825
701893
785268
319005
545166
501206
193074
3526
325886
374226
257593
693773
421335
786324
233359
236633
31368
91898
101822
336386
358379
625161
433484
520514
310352
609838
225234
205129
621090
612768
300732
556396
557369
448225
665500
10109
308155
126562
651818
67893
761007
601414
406492
489934
180000
716351
385822
431790
640234
534165
441135
407869
284964
164421
131224
422615
298
763206
773449
315613
387653
136679
503121
287462
480505
388435
589625
792340
239852
62519
454654
344705
722030
296314
731306
339415
527017
632363
616846
147710
276070
118393
85278
693489
70265
400091
143209
565930
157131
741968
15923
524348
396290
756928
343473
66303
498383
297346
761568
192741
626643
245239
759426
61675
780335
775763
451254
668588
480678
621436
22066
235535
61553
10250
558624
33
561568
694639
726163
124925
637736
424496
87717
254184
331661
626513
700462
332665
252205
197583
336163
103413
585254
1863
710280
519609
314597
158132
775699
364752
538188
528726
656223
496293
424319
563373
595913
539858
5452
367012
759787
446998
761396
256459
269747
616038
87322
484029
462367
91162
79495
442785
273815
582984
399512
408011
799974
24110
441221
30338
539351
419784
677070
458717
583784
53634
780548
502470
538797
758280
747313
597280
273732
569
274661
60933
294769
627001
298718
774184
347350
754597
646227
123482
510928
225250
98269
240424
702320
121998
5378
36513
272660
670744
513376
368693
326050
768620
78451
71096
646752
275142
264963
542598
279155
153512
516908
212161
522995
763623
49163
433334
787367
249311
746242
104798
482914
661958
401833
226304
596473
520734
200274
784883
659935
666692
500022
263554
577376
522022
641600
394728
205686
769810
539766
373626
795723
767145
248576
260068
445516
522994
559831
478091
155878
208011
49419
619538
232161
730874
527792
349433
394069
461601
647014
247391
14412
214224
583812
515560
387062
120436
72161
22969
128899
267758
190782
769440
256161
67711
763731
638545
224658
708319
452725
226251
142824
457325
17120
344026
795616
632704
248999
107701
625497
208603
749877
491975
177519
100159
237183
770955
57529
717083
235720
407184
261403
766815
15632
787612
669768
304494
247066
740845
227543
704050
481305
306330
40705
476489
653814
429337
450293
14940
643648
525529
530904
707473
766897
271119
365916
558358
312153
195983
508156
376542
589674
637136
772817
334185
145311
90898
563476
398011
717129
776859
163889
657262
350455
728348
345220
718051
771265
546099
769202
211860
297521
266762
290215
545925
701135
648732
759079
248281
538184
360728
24595
303233
411450
414942
290107
375823
569247
428966
416474
309417
446675
615744
35250
117785
102211
528758
430533
681472
74420
139405
200621
149803
649261
4331
276121
298494
427395
563154
769252
410380
107647
713290
688211
279241
519341
55325
82411
191063
678084
349692
105069
734588
234669
243135
768367
348085
245553
345802
375576
48739
243524
526219
759672
102948
518632
323103
264322
739901
505024
577556
600999
165939
588850
589897
241935
435065
191287
621298
236662
503363
423874
161720
41122
17528
289994
738301
696445
328391
29942
765245
581331
725713
19684
21136
126888
532612
214295
112204
313911
493959
175227
770247
45955
579281
493973
549946
501660
309589
463691
286144
721777
574424
781645
24702
618828
657634
334111
29406
473582
147922
783045
447475
353607
76300
588554
122881
189906
362574
606316
490516
390539
481825
95399
775886
596110
511595
639964
646975
273229
730401
24414
583660
537966
476185
46618
596466
577087
32509
148128
572484
18903
54876
141266
475921
262346
727770
349223
241729
10376
534152
10909
705309
525138
293199
192569
701198
94170
539013
415292
657277
196727
379554
220388
731866
642050
66316
14555
269497
797264
518414
36929
790294
46667
361703
609873
203193
266415
56319
315826
309684
19551
1076
258140
414986
50017
353107
268325
140650
637053
778659
606951
677144
510829
365210
310352
528621
674241
52403
99654
615285
501859
121977
797516
381339
486662
606959
525815
505238
482720
202460
769471
568204
642161
440817
636120
614606
634056
720223
233797
475914
257166
654842
570299
503945
601852
717321
371877
309249
507244
341164
518209
660248
464205
196586
90599
464502
525873
617047
435050
775813
595713
287070
756631
136904
118096
469297
440794
176853
366284
176970
336385
76272
560593
298140
740632
144454
577047
183387
461938
348867
635276
406373
295625
341392
743997
335179
347005
620076
332653
751616
690936
616742
635848
119837
307507
17524
397489
719
2897
458868
414648
712286
40553
761212
763431
598874
338273
768543
131771
536932
304373
192255
353392
513942
603607
551498
776054
167056
687345
410323
54591
475168
530630
205005
310202
718221
308214
329510
455834
398208
751072
285566
397263
49808
214882
745922
466198
266857
716732
23145
220076
29080
318610
585291
632606
386549
252944
635929
279356
561068
429352
418941
341291
341226
739062
319439
651674
229410
681285
7024
665869
721913
640043
133319
176469
651220
242383
444118
413728
11515
197707
757880
410540
322666
70316
383033
787095
242996
387862
570834
430547
9621
488453
623167
605109
274578
129966
567935
93228
427343
551044
357352
479758
578029
479958
323876
411534
773917
759701
611788
24010
591174
10292
173727
120961
602191
636840
568414
122082
710153
538767
599880
100479
86332
254573
100909
617057
626509
302609
114737
418613
183944
640790
800
681891
201744
264325
513896
27071
767584
292504
296887
621208
353405
453529
124466
789742
452794
220649
574286
143362
788775
126237
484687
73605
460696
508995
432987
30642
232269
590914
300602
484215
231235
792671
715693
703182
134166
605660
367208
237099
671633
169147
53165
34830
532180
565664
29061
616376
115489
643796
577694
15610
579
496486
678076
395816
302747
166508
607709
310061
339656
539239
526574
202936
134130
235716
279331
426132
16819
518783
155383
684822
149667
283362
80064
590511
537983
511083
689645
740514
173045
559564
199392
94927
58383
408076
245602
54189
393785
294091
755143
666198
637937
519586
699807
299196
154122
409257
32278
535033
129180
697362
242921
566981
357515
713202
710405
546817
153779
761376
705982
92016
81325
606774
157352
383109
448321
646325
324374
54358
659816
20293
198189
447920
663548
144665
557475
507717
254462
520049
704026
702209
494723
687161
733459
128634
482877
94671
587664
58246
756642
459490
391755
573926
363963
335989
376460
452383
451467
125443
199339
262505
112922
84669
616994
726721
149533
36847
3662
510745
665411
585600
627394
392368
279070
650648
584
691580
502188
731484
492917
649666
594306
10709
403688
138440
219796
525550
535839
640931
81315
652956
501
292138
731715
183576
483004
234763
722824
258376
244467
169979
390989
462140
18084
782857
123936
381139
761437
333068
158157
394110
395976
402491
491142
791324
76266
144859
109996
753157
788724
122643
56892
243490
97481
242907
382425
784953
286221
561683
94321
133959
161254
46000
39311
293382
290131
400145
540477
741006
787749
120176
619924
171288
170653
484979
154338
477
432804
508642
739702
110109
69025
560244
408074
149563
584187
15042
28110
157701
166699
773981
294925
50962
573308
128763
114558
507460
352866
745164
401961
647534
657780
423403
167668
559887
501512
325104
313290
695099
604010
616098
539495
400026
737720
669129
771266
158090
195421
75810
313110
153696
622888
260460
557199
448204
153096
557472
381582
5722
562022
194621
550553
584725
712991
455105
407010
211014
22045
331315
390002
218970
137361
648413
588530
65761
517839
29976
378902
149171
477125
619839
770214
469805
140569
61894
141099
120729
394463
631395
292146
379564
168692
727658
434239
346408
321018
119862
573266
157858
127984
19395
504591
265822
648556
620377
553868
19030
165496
677475
590268
626265
690439
479582
250226
448080
233234
732397
539925
25757
37204
530185
381919
35484
22430
630357
39633
236107
612567
471439
220215
89094
320148
356387
44499
85611
716624
112090
107945
561756
233288
490671
119910
90402
369398
131522
308846
403119
799271
699494
161153
157436
42683
757845
81929
668305
270329
621827
658690
367395
339084
518159
376710
336727
473374
143318
699636
306597
397200
464418
525756
762967
49619
541184
501706
32945
45158
401583
550541
705835
228972
421300
307619
555482
527721
427019
166179
573421
546713
343672
580230
453714
571629
765691
491570
171128
653219
178529
715941
453424
754304
751095
327483
258221
59565
373850
737947
525226
591148
364394
776900
729002
75509
511581
48048
313435
96689
619759
530082
23572
656914
787383
270097
98685
455117
708245
195377
748878
40501
347208
662042
113712
188277
83740
519063
639167
548970
634560
300430
277681
400155
512822
95751
480016
257494
192739
38874
124579
266472
137670
255993
451947
784376
517829
439640
41289
0
10019
181365
367805
36329
775182
647047
331465
516803
406101
59975
243
609950
292151
429141
124778
367879
633943
747337
30016
680226
451275
784471
41942
340577
44883
624030
34389
461022
52902
235533
236120
118619
347624
441586
571047
125907
737849
353313
569119
121276
239463
412605
522669
558812
174787
23206
550521
439237
89873
527743
262943
384751
423065
248666
259608
292464
549466
446467
8759
108122
453726
754406
772176
360625
644649
51101
711155
657415
469835
585754
594518
540598
219157
369774
568400
79034
453224
207411
188802
63017
106921
278428
206480
431951
110032
690199
359053
447082
197792
180124
62581
75007
5617
576918
375763
627671
320041
474730
446851
626841
497097
152488
52882
719621
280355
661965
225857
514762
569386
7346
495145
609285
600417
154773
613752
750936
479478
529347
674905
87970
3560
274910
406898
182880
76898
575696
770183
638112
139308
407373
765244
647069
284215
531198
614647
86780
351318
544591
216548
358562
28172
154838
578834
393264
658816
713566
75962
53276
680333
674960
293024
731757
108022
322365
16531
380946
217527
328267
415758
687328
134262
769593
369409
537383
622360
630352
724649
282607
463216
681320
137115
104148
369171
481876
657377
512891
428871
393963
273211
162480
1818
64436
520839
691742
574862
105773
393019
74922
784626
785592
477710
441708
441932
51235
293302
366410
714226
754386
178125
488499
185655
21899
462285
577013
103491
77534
85818
711100
180220
784687
403423
558376
323872
296801
218928
10761
32629
730145
592078
218810
277015
94668
123434
242711
659184
428542
114753
297244
185159
612792
112517
439067
9583
779821
632284
280985
175775
167977
524737
400838
101858
51999
749449
71320
487973
613325
474048
734083
386414
657550
457394
28119
327468
215100
411141
648373
618409
796607
693891
635055
307611
235063
360694
598268
688602
51650
617516
622676
376877
545002
403226
529262
92477
502958
791581
558612
527019
371243
333403
547807
707901
622311
486216
507285
422195
165819
111685
281115
246200
291674
597090
546072
115316
478594
219972
673833
498750
736189
604194
500922
267247
346580
433129
641159
588370
593105
341888
726960
135735
381360
745766
593778
547495
47778
766711
147592
329009
320509
19853
14877
508515
394179
675266
593516
399957
740556
117140
124406
652895
397203
237090
657759
316394
538779
54739
396006
446820
604028
205718
708223
527181
487822
182083
584591
555630
197680
81696
72003
565290
300470
566144
254094
6125
488941
313223
46781
583105
415563
471048
357816
633599
742328
783247
78039
149282
298739
548218
386142
485303
612515
134210
679319
370033
113659
244695
407690
60761
559880
716842
652380
662050
177818
667076
762690
89242
107980
659
589344
299581
139058
32966
354754
749796
725407
372941
550581
230810
233616
676483
441283
512655
515129
769384
68106
508198
546601
90631
615096
291113
262812
118902
89958
500508
665437
94204
290573
73391
77654
788685
799913
357965
143798
144624
332648
342737
119741
525121
77967
555352
765991
746643
615914
59441
628018
611053
505326
542961
357966
327157
602221
116644
746337
207467
649972
659229
580788
630732
480964
407151
232061
337175
566892
747124
751113
655787
718591
350346
780166
150095
280567
556126
620650
650060
797606
55008
7556
714677
693333
735830
380061
135879
6907
271245
177866
387691
343195
102953
729169
295896
542523
224798
750902
713045
741500
318007
360801
443164
464347
153556
339565
138586
300163
405169
565263
488275
365516
305632
378913
541859
439124
602841
631114
487327
44728
793256
555596
318426
647152
263748
362730
342468
202309
683520
325236
161132
775151
195099
506608
170598
401231
199282
597991
460743
646853
514900
81353
544845
702511
530038
738302
305308
655103
196861
449674
351395
399096
29881
77147
475677
88709
296562
524338
420148
572598
569178
267820
262463
446423
681377
126700
668844
620719
636200
295271
33273
796498
81229
474700
592092
557475
548837
326670